# optimized wave function psi(x), order of x follows that in Fock_state_list.txt
7.705890907887580181e-03
3.455332309280839675e-02
5.470561634520640371e-02
3.455332309280839675e-02
7.705890907887576712e-03
5.470561634520638983e-02
1.641347493870557450e-01
1.374897844494958610e-01
3.455332309280839675e-02
9.041654105748433978e-02
1.641347493870558005e-01
5.470561634520637595e-02
5.470561634520640371e-02
3.455332309280840369e-02
7.705890907887581048e-03
3.455332309280839675e-02
1.374897844494958610e-01
1.641347493870556618e-01
5.470561634520640371e-02
1.641347493870557450e-01
3.984765883377039963e-01
1.641347493870557450e-01
1.641347493870557173e-01
1.374897844494959442e-01
3.455332309280839675e-02
5.470561634520641064e-02
1.641347493870556895e-01
9.041654105748432591e-02
1.374897844494958332e-01
1.641347493870558005e-01
5.470561634520638983e-02
3.455332309280837594e-02
5.470561634520640371e-02
3.455332309280839675e-02
7.705890907887578446e-03
7.705890907887578446e-03
3.455332309280839675e-02
5.470561634520640371e-02
3.455332309280837594e-02
5.470561634520638983e-02
1.641347493870558005e-01
1.374897844494958332e-01
9.041654105748432591e-02
1.641347493870556895e-01
5.470561634520641064e-02
3.455332309280839675e-02
1.374897844494959442e-01
1.641347493870557173e-01
1.641347493870557450e-01
3.984765883377039963e-01
1.641347493870557450e-01
5.470561634520640371e-02
1.641347493870556618e-01
1.374897844494958610e-01
3.455332309280839675e-02
7.705890907887581048e-03
3.455332309280840369e-02
5.470561634520640371e-02
5.470561634520637595e-02
1.641347493870558005e-01
9.041654105748433978e-02
3.455332309280839675e-02
1.374897844494958610e-01
1.641347493870557450e-01
5.470561634520638983e-02
7.705890907887576712e-03
3.455332309280839675e-02
5.470561634520640371e-02
3.455332309280839675e-02
7.705890907887580181e-03
