# initial wave function psi(x), order of x follows that in Fock_state_list.txt
1.195193862644344379e-01
1.195173145604270792e-01
1.195245600125769275e-01
1.195173145604269960e-01
1.195193862644344102e-01
1.195245600125769275e-01
1.195247347505207780e-01
1.195342271264007855e-01
1.195173145604270237e-01
1.195223136622669130e-01
1.195247347505208058e-01
1.195245600125769275e-01
1.195245600125769275e-01
1.195173145604270237e-01
1.195193862644344102e-01
1.195173145604270237e-01
1.195342271264007578e-01
1.195247347505207780e-01
1.195245600125769275e-01
1.195247347505208058e-01
1.195081726818590928e-01
1.195247347505207502e-01
1.195247347505207780e-01
1.195342271264007855e-01
1.195173145604270237e-01
1.195245600125769553e-01
1.195247347505207780e-01
1.195223136622669408e-01
1.195342271264007855e-01
1.195247347505208058e-01
1.195245600125769275e-01
1.195173145604269960e-01
1.195245600125769553e-01
1.195173145604270237e-01
1.195193862644344379e-01
1.195193862644344379e-01
1.195173145604270237e-01
1.195245600125769553e-01
1.195173145604269960e-01
1.195245600125769275e-01
1.195247347505208058e-01
1.195342271264007855e-01
1.195223136622669408e-01
1.195247347505207780e-01
1.195245600125769553e-01
1.195173145604270237e-01
1.195342271264007855e-01
1.195247347505207780e-01
1.195247347505207502e-01
1.195081726818590928e-01
1.195247347505208058e-01
1.195245600125769275e-01
1.195247347505207780e-01
1.195342271264007578e-01
1.195173145604270237e-01
1.195193862644344102e-01
1.195173145604270237e-01
1.195245600125769275e-01
1.195245600125769275e-01
1.195247347505208058e-01
1.195223136622669130e-01
1.195173145604270237e-01
1.195342271264007855e-01
1.195247347505207780e-01
1.195245600125769275e-01
1.195193862644344102e-01
1.195173145604269960e-01
1.195245600125769275e-01
1.195173145604270792e-01
1.195193862644344379e-01
