-1.028588629997084247e+01
-1.028667142330319884e+01
-1.028794285929596697e+01
-1.028918177936914446e+01
-1.029188799376370334e+01
-1.029352933572950946e+01
-1.029471277770091220e+01
-1.029695152408995540e+01
-1.029862333863800394e+01
-1.029989079034256783e+01
-1.030128079925278506e+01
-1.030270219953571065e+01
-1.030425274827494597e+01
-1.030589139148335853e+01
-1.030761838367521399e+01
-1.030948444481483151e+01
-1.031141705043881984e+01
-1.031352351417869784e+01
-1.031568930556231578e+01
-1.031806424638398845e+01
-1.032049140615443150e+01
-1.032316580769165348e+01
-1.032588371470226996e+01
-1.032888799493463594e+01
-1.033192417818420772e+01
-1.033528629213218863e+01
-1.033866242677987657e+01
-1.034240222576944745e+01
-1.034612985103559701e+01
-1.035025182872786864e+01
-1.035433050338033034e+01
-1.035885956018366727e+01
-1.036328648463618762e+01
-1.036822312263072554e+01
-1.037299544170084786e+01
-1.037831705878394395e+01
-1.038343761555960221e+01
-1.038915221732378846e+01
-1.039463367475133282e+01
-1.040075675195812188e+01
-1.040661929089214510e+01
-1.041317206737391565e+01
-1.041944155488072177e+01
-1.042644934097790888e+01
-1.043315679323518985e+01
-1.044064800423203820e+01
-1.044783011024314590e+01
-1.045583587628107658e+01
-1.046353594831979628e+01
-1.047209009452461892e+01
-1.048035911244295271e+01
-1.048949835757982108e+01
-1.049839606855636021e+01
-1.050816036198244952e+01
-1.051775649568733151e+01
-1.052818944886988284e+01
-1.053856509187682278e+01
-1.054971447455914912e+01
-1.056096360238006682e+01
-1.057288187276259173e+01
-1.058511299494701952e+01
-1.059785781936584037e+01
-1.061119565136563381e+01
-1.062483034065695620e+01
-1.063941735971641300e+01
-1.065401110411901797e+01
-1.067000875084821843e+01
-1.068563646869543149e+01
-1.070322558746098629e+01
-1.071996710963933985e+01
-1.073934693545233365e+01
-1.075728512414927884e+01
-1.077866967487476657e+01
-1.079788692946693551e+01
-1.082149703724144274e+01
-1.084206951492596005e+01
-1.086811805594086877e+01
-1.089010695360723524e+01
-1.091852158822353225e+01
-1.094197339201437735e+01
-1.097027238841342367e+01
-1.099524971825649722e+01
-1.102346886568248330e+01
-1.104983250250929316e+01
-1.107815312690595810e+01
-1.110566007550883683e+01
-1.113427487966466600e+01
-1.116268384710098083e+01
-1.119172517321498717e+01
-1.122085275616355027e+01
-1.125038012573730306e+01
-1.128010487909437387e+01
-1.131012390438469239e+01
-1.134036656902279461e+01
-1.137085315163391286e+01
-1.140155659661882481e+01
-1.143247401844990740e+01
-1.146359096875360528e+01
-1.149489870396638480e+01
-1.152638612312541255e+01
-1.155804340452558598e+01
-1.158986041502839193e+01
-1.162182737380579134e+01
-1.165393457320433512e+01
-1.168617247817722493e+01
-1.171853167664092688e+01
-1.175100288481697675e+01
-1.178357693164572595e+01
-1.181624474993283691e+01
-1.184899736483634136e+01
-1.188182588310535692e+01
-1.191472148218475269e+01
-1.194767539968267833e+01
-1.198067892324068140e+01
-1.201372338097657178e+01
-1.204680013261013194e+01
-1.207990056138405599e+01
-1.211301606687505839e+01
-1.214613805877564445e+01
-1.217925795171579040e+01
-1.221236716117662269e+01
-1.224545710054106351e+01
-1.227851917930368231e+01
-1.231154480246009797e+01
-1.234452537107414472e+01
-1.237745228400997632e+01
-1.241031694081304693e+01
-1.244311074569717412e+01
-1.247582511259617633e+01
-1.250845147122397982e+01
-1.254098127407225327e+01
-1.257340600427564681e+01
-1.260571718425828891e+01
-1.263790638506785946e+01
-1.266996523630920812e+01
-1.270188543656849767e+01
-1.273365876422986709e+01
-1.276527708857403276e+01
-1.279673238105848654e+01
-1.282801672666886184e+01
-1.285912233524201120e+01
-1.289004155266093576e+01
-1.292076687182628625e+01
-1.295129094331821484e+01
-1.298160658566428083e+01
-1.301170679514254402e+01
-1.304158475505009385e+01
-1.307123384438118840e+01
-1.310064764586864960e+01
-1.312981995334544116e+01
-1.315874477839704149e+01
-1.318741635628126296e+01
-1.321582915110232292e+01
-1.324397786023354762e+01
-1.327185741798368568e+01
-1.329946299852537095e+01
-1.332679001808683950e+01
-1.335383413643431716e+01
-1.338059125766036495e+01
-1.340705753031452119e+01
-1.343322934689830639e+01
-1.345910334275914089e+01
-1.348467639442095667e+01
-1.350994561738103883e+01
-1.353490836341766901e+01
-1.355956221743687706e+01
-1.358390499390149841e+01
-1.360793473287594857e+01
-1.363164969572626362e+01
-1.365504836050244286e+01
-1.367812941704640828e+01
-1.370089176184857216e+01
-1.372333449269133787e+01
-1.374545690310569590e+01
-1.376725847666822489e+01
-1.378873888116310553e+01
-1.380989796263753711e+01
-1.383073573937108769e+01
-1.385125239577899414e+01
-1.387144827627057708e+01
-1.389132387907829447e+01
-1.391087985007751548e+01
-1.393011697660744019e+01
-1.394903618131114342e+01
-1.396763851600287332e+01
-1.398592515557435867e+01
-1.400389739195156658e+01
-1.402155662810731407e+01
-1.403890437213713760e+01
-1.405594223140757748e+01
-1.407267190677570134e+01
-1.408909518688767903e+01
-1.410521394255610517e+01
-1.412103012122304513e+01
-1.413654574149990673e+01
-1.415176288778653557e+01
-1.416652165675047570e+01
-1.418078684886952345e+01
-1.419457515988361074e+01
-1.420790273644041335e+01
-1.422078519182481493e+01
-1.423323762143887272e+01
-1.424527461804473560e+01
-1.425691028675328020e+01
-1.426815825974351881e+01
-1.427903171070041033e+01
-1.428954336896035571e+01
-1.429970553335609118e+01
-1.430953008575414387e+01
-1.431902850427948870e+01
-1.432821187622401560e+01
-1.433709091063603935e+01
-1.434567595058970824e+01
-1.435397698513427756e+01
-1.436200366092369229e+01
-1.436976529352821785e+01
-1.437727087843053297e+01
-1.438452910170909327e+01
-1.439154835041250280e+01
-1.439833672262884967e+01
-1.440490203725470586e+01
-1.441125184346851640e+01
-1.441739342991383666e+01
-1.442333383359773613e+01
-1.442907984851039060e+01
-1.443463803397160738e+01
-1.444001472271051512e+01
-1.444521602868478283e+01
-1.445024785464550554e+01
-1.445511589945437336e+01
-1.445982566515952072e+01
-1.446438246383666915e+01
-1.446879142420175413e+01
-1.447305749800196750e+01
-1.447718546619128865e+01
-1.448117994489696869e+01
-1.448504539118341938e+01
-1.448878610861936167e+01
-1.449240625265472993e+01
-1.449590983581289549e+01
-1.449930073270438413e+01
-1.450258268486739510e+01
-1.450575930544086489e+01
-1.450883408367550942e+01
-1.451181038928781142e+01
-1.451469147666211867e+01
-1.451748048890583043e+01
-1.452018046176224964e+01
-1.452279432738596654e+01
-1.452532491798490888e+01
-1.452777496933382473e+01
-1.453014712416301890e+01
-1.453244393542687796e+01
-1.453466786945581823e+01
-1.453682130899596281e+01
-1.453890655613991534e+01
-1.454092583515301662e+01
-1.454288129519773243e+01
-1.454477501296081066e+01
-1.454660899518579420e+01
-1.454838518111465362e+01
-1.455010544484163937e+01
-1.455177159758252436e+01
-1.455338538986234020e+01
-1.455494851362448472e+01
-1.455646260426399685e+01
-1.455792924258814303e+01
-1.455934995670629384e+01
-1.456072622385236492e+01
-1.456205947214196605e+01
-1.456335108226655528e+01
-1.456460238912720939e+01
-1.456581468340998065e+01
-1.456698921310516326e+01
-1.456812718497227976e+01
-1.456922976595319419e+01
-1.457029808453476072e+01
-1.457133323206326381e+01
-1.457233626401215965e+01
-1.457330820120504278e+01
-1.457425003099513106e+01
-1.457516270840338279e+01
-1.457604715721613431e+01
-1.457690427104437525e+01
-1.457773491434539714e+01
-1.457853992340880822e+01
-1.457932010730777783e+01
-1.458007624881688358e+01
-1.458080910529794494e+01
-1.458151940955477244e+01
-1.458220787065799939e+01
-1.458287517474128414e+01
-1.458352198576961634e+01
-1.458414894628097436e+01
-1.458475667810207099e+01
-1.458534578303943974e+01
-1.458591684354648343e+01
-1.458647042336728106e+01
-1.458700706815834813e+01
-1.458752730608879133e+01
-1.458803164841989641e+01
-1.458852059006452073e+01
-1.458899461012755339e+01
-1.458945417242756903e+01
-1.458989972600071816e+01
-1.459033170558729964e+01
-1.459075053210175277e+01
-1.459115661308657153e+01
-1.459155034315071120e+01
-1.459193210439313937e+01
-1.459230226681187048e+01
-1.459266118869924433e+01
-1.459300921702372733e+01
-1.459334668779880850e+01
-1.459367392643934913e+01
-1.459399124810611958e+01
-1.459429895803840793e+01
-1.459459735187573948e+01
-1.459488671596853315e+01
-1.459516732767851543e+01
-1.459543945566900369e+01
-1.459570336018537873e+01
-1.459595929332635045e+01
-1.459620749930604156e+01
-1.459644821470746656e+01
-1.459668166872740436e+01
-1.459690808341325940e+01
-1.459712767389205901e+01
-1.459734064859183889e+01
-1.459754720945562667e+01
-1.459774755214852959e+01
-1.459794186625781798e+01
-1.459813033548653571e+01
-1.459831313784065188e+01
-1.459849044581013189e+01
-1.459866242654403123e+01
-1.459882924201984267e+01
-1.459899104920731894e+01
-1.459914800022700909e+01
-1.459930024250339997e+01
-1.459944791891336813e+01
-1.459959116792956557e+01
-1.459973012375925094e+01
-1.459986491647857498e+01
-1.459999567216254590e+01
-1.460012251301073682e+01
-1.460024555746895736e+01
-1.460036492034698874e+01
-1.460048071293259042e+01
-1.460059304310161998e+01
-1.460070201542489521e+01
-1.460080773127141285e+01
-1.460091028890831488e+01
-1.460100978359766799e+01
-1.460110630769011841e+01
-1.460119995071554122e+01
-1.460129079947088115e+01
-1.460137893810504295e+01
-1.460146444820114375e+01
-1.460154740885624491e+01
-1.460162789675832506e+01
-1.460170598626100080e+01
-1.460178174945586171e+01
-1.460185525624235581e+01
-1.460192657439563391e+01
-1.460199576963215584e+01
-1.460206290567320941e+01
-1.460212804430651801e+01
-1.460219124544581426e+01
-1.460225256718855391e+01
-1.460231206587185682e+01
-1.460236979612661834e+01
-1.460242581092996339e+01
-1.460248016165609997e+01
-1.460253289812543187e+01
-1.460258406865230185e+01
-1.460263372009116090e+01
-1.460268189788122761e+01
-1.460272864608990417e+01
-1.460277400745468945e+01
-1.460281802342391977e+01
-1.460286073419603703e+01
-1.460290217875796515e+01
-1.460294239492187174e+01
-1.460298141936119976e+01
-1.460301928764523360e+01
-1.460305603427286769e+01
-1.460309169270514218e+01
-1.460312629539682483e+01
-1.460315987382706560e+01
-1.460319245852904224e+01
-1.460322407911870002e+01
-1.460325476432265468e+01
-1.460328454200514692e+01
-1.460331343919416902e+01
-1.460334148210696625e+01
-1.460336869617450795e+01
-1.460339510606529778e+01
-1.460342073570853394e+01
-1.460344560831647165e+01
-1.460346974640607165e+01
-1.460349317182007667e+01
-1.460351590574738267e+01
-1.460353796874277421e+01
-1.460355938074610016e+01
-1.460358016110080825e+01
-1.460360032857202128e+01
-1.460361990136387789e+01
-1.460363889713651808e+01
-1.460365733302248437e+01
-1.460367522564252418e+01
-1.460369259112115259e+01
-1.460370944510146884e+01
-1.460372580275971544e+01
-1.460374167881926866e+01
-1.460375708756430768e+01
-1.460377204285299868e+01
-1.460378655813028637e+01
-1.460380064644029474e+01
-1.460381432043842054e+01
-1.460382759240296124e+01
-1.460384047424638609e+01
-1.460385297752645961e+01
-1.460386511345670080e+01
-1.460387689291679791e+01
-1.460388832646264312e+01
-1.460389942433593724e+01
-1.460391019647371813e+01
-1.460392065251738458e+01
-1.460393080182155856e+01
-1.460394065346275205e+01
-1.460395021624762002e+01
-1.460395949872096288e+01
-1.460396850917372724e+01
-1.460397725565048432e+01
-1.460398574595676102e+01
-1.460399398766628742e+01
-1.460400198812781447e+01
-1.460400975447193161e+01
-1.460401729361750078e+01
-1.460402461227799265e+01
-1.460403171696768965e+01
-1.460403861400749115e+01
-1.460404530953082158e+01
-1.460405180948909987e+01
-1.460405811965728695e+01
-1.460406424563903016e+01
-1.460407019287181640e+01
-1.460407596663199037e+01
-1.460408157203940505e+01
-1.460408701406223742e+01
-1.460409229752139026e+01
-1.460409742709493663e+01
-1.460410240732232623e+01
-1.460410724260860071e+01
-1.460411193722825196e+01
-1.460411649532923839e+01
-1.460412092093669578e+01
-1.460412521795652196e+01
-1.460412939017906631e+01
-1.460413344128241775e+01
-1.460413737483585983e+01
-1.460414119430302016e+01
-1.460414490304501811e+01
-1.460414850432358946e+01
-1.460415200130392499e+01
-1.460415539705762988e+01
-1.460415869456543270e+01
-1.460416189671994225e+01
-1.460416500632821091e+01
-1.460416802611433518e+01
-1.460417095872177917e+01
-1.460417380671601428e+01
-1.460417657258655311e+01
-1.460417925874939726e+01
-1.460418186754918146e+01
-1.460418440126118611e+01
-1.460418686209352757e+01
-1.460418925218903752e+01
-1.460419157362733067e+01
-1.460419382842649050e+01
-1.460419601854509253e+01
-1.460419814588384391e+01
-1.460420021228731358e+01
-1.460420221954560915e+01
-1.460420416939601473e+01
-1.460420606352449369e+01
-1.460420790356728027e+01
-1.460420969111230427e+01
-1.460421142770062275e+01
-1.460421311482782336e+01
-1.460421475394537616e+01
-1.460421634646189482e+01
-1.460421789374448664e+01
-1.460421939711986994e+01
-1.460422085787569024e+01
-1.460422227726155953e+01
-1.460422365649028187e+01
-1.460422499673885532e+01
-1.460422629914962478e+01
-1.460422756483120743e+01
-1.460422879485956038e+01
-1.460422999027890079e+01
-1.460423115210270950e+01
-1.460423228131452333e+01
-1.460423337886897599e+01
-1.460423444569248375e+01
-1.460423548268425442e+01
-1.460423649071690733e+01
-1.460423747063742894e+01
-1.460423842326780175e+01
-1.460423934940583912e+01
-1.460424024982580349e+01
-1.460424112527920038e+01
-1.460424197649536460e+01
-1.460424280418219034e+01
-1.460424360902668361e+01
-1.460424439169565325e+01
-1.460424515283627223e+01
-1.460424589307666032e+01
-1.460424661302643123e+01
-1.460424731327727343e+01
-1.460424799440347421e+01
-1.460424865696238683e+01
-1.460424930149497769e+01
-1.460424992852629700e+01
-1.460425053856593713e+01
-1.460425113210852999e+01
-1.460425170963411645e+01
-1.460425227160863315e+01
-1.460425281848433876e+01
-1.460425335070013197e+01
-1.460425386868204534e+01
-1.460425437284359518e+01
-1.460425486358612268e+01
-1.460425534129914382e+01
-1.460425580636077392e+01
-1.460425625913796566e+01
-1.460425669998694964e+01
-1.460425712925339958e+01
-1.460425754727290126e+01
-1.460425795437116570e+01
-1.460425835086432578e+01
-1.460425873705920807e+01
-1.460425911325365256e+01
-1.460425947973676131e+01
-1.460425983678908501e+01
-1.460426018468304044e+01
-1.460426052368294059e+01
-1.460426085404538554e+01
-1.460426117601944718e+01
-1.460426148984688233e+01
-1.460426179576233707e+01
-1.460426209399357589e+01
-1.460426238476169125e+01
-1.460426266828128483e+01
-1.460426294476065223e+01
-1.460426321440198727e+01
-1.460426347740154718e+01
-1.460426373394983557e+01
-1.460426398423179073e+01
-1.460426422842689043e+01
-1.460426446670937572e+01
-1.460426469924839310e+01
-1.460426492620807437e+01
-1.460426514774778539e+01
-1.460426536402226461e+01
-1.460426557518160706e+01
-1.460426578137161258e+01
-1.460426598273376264e+01
-1.460426617940537142e+01
-1.460426637151981133e+01
-1.460426655920647399e+01
-1.460426674259101354e+01
-1.460426692179536445e+01
-1.460426709693793690e+01
-1.460426726813362741e+01
-1.460426743549402318e+01
-1.460426759912740557e+01
-1.460426775913891362e+01
-1.460426791563059545e+01
-1.460426806870153804e+01
-1.460426821844790624e+01
-1.460426836496308489e+01
-1.460426850833771617e+01
-1.460426864865975993e+01
-1.460426878601467671e+01
-1.460426892048536196e+01
-1.460426905215234505e+01
-1.460426918109378036e+01
-1.460426930738553963e+01
-1.460426943110127951e+01
-1.460426955231251966e+01
-1.460426967108870144e+01
-1.460426978749720917e+01
-1.460426990160349092e+01
-1.460427001347108167e+01
-1.460427012316165829e+01
-1.460427023073511776e+01
-1.460427033624958071e+01
-1.460427043976151396e+01
-1.460427054132570568e+01
-1.460427064099538796e+01
-1.460427073882221727e+01
-1.460427083485634014e+01
-1.460427092914649094e+01
-1.460427102173992431e+01
-1.460427111268256617e+01
-1.460427120201899065e+01
-1.460427128979250178e+01
-1.460427137604513703e+01
-1.460427146081765848e+01
-1.460427154414973927e+01
-1.460427162607984464e+01
-1.460427170664531715e+01
-1.460427178588246910e+01
-1.460427186382649367e+01
-1.460427194051163191e+01
-1.460427201597108748e+01
-1.460427209023711370e+01
-1.460427216334105616e+01
-1.460427223531331542e+01
-1.460427230618345007e+01
-1.460427237598011629e+01
-1.460427244473122244e+01
-1.460427251246379043e+01
-1.460427257920408195e+01
-1.460427264497765520e+01
-1.460427270980928149e+01
-1.460427277372302335e+01
-1.460427283674225230e+01
-1.460427289888969682e+01
-1.460427296018737131e+01
-1.460427302065670752e+01
-1.460427308031854210e+01
-1.460427313919304915e+01
-1.460427319729985918e+01
-1.460427325465803783e+01
-1.460427331128611073e+01
-1.460427336720204750e+01
-1.460427342242333992e+01
-1.460427347696697353e+01
-1.460427353084939384e+01
-1.460427358408663956e+01
-1.460427363669430179e+01
-1.460427368868745290e+01
-1.460427374008081003e+01
-1.460427379088863908e+01
-1.460427384112476901e+01
-1.460427389080270189e+01
-1.460427393993552414e+01
-1.460427398853593495e+01
-1.460427403661632084e+01
-1.460427408418863493e+01
-1.460427413126456919e+01
-1.460427417785548343e+01
-1.460427422397235908e+01
-1.460427426962591291e+01
-1.460427431482653837e+01
-1.460427435958435538e+01
-1.460427440390920140e+01
-1.460427444781059592e+01
-1.460427449129784705e+01
-1.460427453437994849e+01
-1.460427457706570209e+01
-1.460427461936360594e+01
-1.460427466128196095e+01
-1.460427470282879270e+01
-1.460427474401196868e+01
-1.460427478483908637e+01
-1.460427482531752297e+01
-1.460427486545451359e+01
-1.460427490525701089e+01
-1.460427494473185739e+01
-1.460427498388564160e+01
-1.460427502272480815e+01
-1.460427506125558494e+01
-1.460427509948408797e+01
-1.460427513741621830e+01
-1.460427517505770290e+01
-1.460427521241419591e+01
-1.460427524949106193e+01
-1.460427528629366023e+01
-1.460427532282710317e+01
-1.460427535909643204e+01
-1.460427539510647676e+01
-1.460427543086201041e+01
-1.460427546636764795e+01
-1.460427550162785870e+01
-1.460427553664701250e+01
-1.460427557142938149e+01
-1.460427560597908325e+01
-1.460427564030014125e+01
-1.460427567439649721e+01
-1.460427570827195254e+01
-1.460427574193019318e+01
-1.460427577537487309e+01
-1.460427580860948638e+01
-1.460427584163747561e+01
-1.460427587446215547e+01
-1.460427590708678558e+01
-1.460427593951453673e+01
-1.460427597174846959e+01
-1.460427600379160396e+01
-1.460427603564686017e+01
-1.460427606731709460e+01
-1.460427609880501976e+01
-1.460427613011342096e+01
-1.460427616124488281e+01
-1.460427619220197748e+01
-1.460427622298720252e+01
-1.460427625360301107e+01
-1.460427628405175859e+01
-1.460427631433576323e+01
-1.460427634445728629e+01
-1.460427637441852866e+01
-1.460427640422163087e+01
-1.460427643386870145e+01
-1.460427646336175123e+01
-1.460427649270278394e+01
-1.460427652189371628e+01
-1.460427655093650401e+01
-1.460427657983294125e+01
-1.460427660858481147e+01
-1.460427663719394609e+01
-1.460427666566199001e+01
-1.460427669399065387e+01
-1.460427672218156658e+01
-1.460427675023631977e+01
-1.460427677815647662e+01
-1.460427680594353639e+01
-1.460427683359902140e+01
-1.460427686112435630e+01
-1.460427688852097283e+01
-1.460427691579024057e+01
-1.460427694293354151e+01
-1.460427696995214220e+01
-1.460427699684739267e+01
-1.460427702362052749e+01
-1.460427705027277945e+01
-1.460427707680536535e+01
-1.460427710321945938e+01
-1.460427712951621615e+01
-1.460427715569677609e+01
-1.460427718176221035e+01
-1.460427720771362736e+01
-1.460427723355209828e+01
-1.460427725927861964e+01
-1.460427728489421462e+01
-1.460427731039986554e+01
-1.460427733579657428e+01
-1.460427736108527164e+01
-1.460427738626687955e+01
-1.460427741134231638e+01
-1.460427743631247388e+01
-1.460427746117823311e+01
-1.460427748594043429e+01
-1.460427751059993184e+01
-1.460427753515753224e+01
-1.460427755961407215e+01
-1.460427758397031006e+01
-1.460427760822702759e+01
-1.460427763238500276e+01
-1.460427765644497633e+01
-1.460427768040767837e+01
-1.460427770427379812e+01
-1.460427772804407276e+01
-1.460427775171920217e+01
-1.460427777529983473e+01
-1.460427779878664722e+01
-1.460427782218031822e+01
-1.460427784548147478e+01
-1.460427786869073330e+01
-1.460427789180874036e+01
-1.460427791483609283e+01
-1.460427793777338046e+01
-1.460427796062120720e+01
-1.460427798338015393e+01
-1.460427800605078730e+01
-1.460427802863366686e+01
-1.460427805112934152e+01
-1.460427807353837260e+01
-1.460427809586123615e+01
-1.460427811809852727e+01
-1.460427814025072202e+01
-1.460427816231834797e+01
-1.460427818430189539e+01
-1.460427820620187411e+01
-1.460427822801874065e+01
-1.460427824975299593e+01
-1.460427827140510892e+01
-1.460427829297553792e+01
-1.460427831446475011e+01
-1.460427833587317714e+01
-1.460427835720129330e+01
-1.460427837844951249e+01
-1.460427839961827878e+01
-1.460427842070802384e+01
-1.460427844171916867e+01
-1.460427846265211294e+01
-1.460427848350728297e+01
-1.460427850428505892e+01
-1.460427852498588308e+01
-1.460427854561010896e+01
-1.460427856615816822e+01
-1.460427858663040901e+01
-1.460427860702720437e+01
-1.460427862734896287e+01
-1.460427864759604333e+01
-1.460427866776879213e+01
-1.460427868786758765e+01
-1.460427870789279403e+01
-1.460427872784477010e+01
-1.460427874772383028e+01
-1.460427876753037779e+01
-1.460427878726469864e+01
-1.460427880692714631e+01
-1.460427882651806719e+01
-1.460427884603780235e+01
-1.460427886548664311e+01
-1.460427888486494652e+01
-1.460427890417300922e+01
-1.460427892341116873e+01
-1.460427894257972525e+01
-1.460427896167899853e+01
-1.460427898070930475e+01
-1.460427899967091925e+01
-1.460427901856417243e+01
-1.460427903738933431e+01
-1.460427905614673527e+01
-1.460427907483666843e+01
-1.460427909345939312e+01
-1.460427911201522555e+01
-1.460427913050443394e+01
-1.460427914892731849e+01
-1.460427916728413500e+01
-1.460427918557517835e+01
-1.460427920380073452e+01
-1.460427922196106110e+01
-1.460427924005644584e+01
-1.460427925808712857e+01
-1.460427927605339526e+01
-1.460427929395552127e+01
-1.460427931179375705e+01
-1.460427932956835662e+01
-1.460427934727959709e+01
-1.460427936492770584e+01
-1.460427938251297419e+01
-1.460427940003562242e+01
-1.460427941749591518e+01
-1.460427943489411717e+01
-1.460427945223044688e+01
-1.460427946950517253e+01
-1.460427948671852150e+01
-1.460427950387073359e+01
-1.460427952096207882e+01
-1.460427953799276679e+01
-1.460427955496303198e+01
-1.460427957187312309e+01
-1.460427958872328524e+01
-1.460427960551372628e+01
-1.460427962224469667e+01
-1.460427963891640601e+01
-1.460427965552909058e+01
-1.460427967208298661e+01
-1.460427968857831438e+01
-1.460427970501528527e+01
-1.460427972139413555e+01
-1.460427973771507482e+01
-1.460427975397832512e+01
-1.460427977018413337e+01
-1.460427978633266122e+01
-1.460427980242416801e+01
-1.460427981845884027e+01
-1.460427983443690714e+01
-1.460427985035857645e+01
-1.460427986622407381e+01
-1.460427988203358396e+01
-1.460427989778732005e+01
-1.460427991348550059e+01
-1.460427992912833162e+01
-1.460427994471599256e+01
-1.460427996024871433e+01
-1.460427997572670300e+01
-1.460427999115014153e+01
-1.460428000651922886e+01
-1.460428002183417107e+01
-1.460428003709517952e+01
-1.460428005230242654e+01
-1.460428006745613239e+01
-1.460428008255646937e+01
-1.460428009760364532e+01
-1.460428011259785031e+01
-1.460428012753928861e+01
-1.460428014242812722e+01
-1.460428015726458462e+01
-1.460428017204882423e+01
-1.460428018678104678e+01
-1.460428020146144590e+01
-1.460428021609019034e+01
-1.460428023066746839e+01
-1.460428024519349677e+01
-1.460428025966842469e+01
-1.460428027409242624e+01
-1.460428028846573767e+01
-1.460428030278848865e+01
-1.460428031706087459e+01
-1.460428033128308556e+01
-1.460428034545528675e+01
-1.460428035957766646e+01
-1.460428037365039877e+01
-1.460428038767365599e+01
-1.460428040164761576e+01
-1.460428041557245926e+01
-1.460428042944836058e+01
-1.460428044327547248e+01
-1.460428045705399924e+01
-1.460428047078411318e+01
-1.460428048446594218e+01
-1.460428049809968520e+01
-1.460428051168550923e+01
-1.460428052522359543e+01
-1.460428053871409837e+01
-1.460428055215717791e+01
-1.460428056555303300e+01
-1.460428057890180398e+01
-1.460428059220363473e+01
-1.460428060545870999e+01
-1.460428061866723937e+01
-1.460428063182931524e+01
-1.460428064494514189e+01
-1.460428065801486675e+01
-1.460428067103865324e+01
-1.460428068401667012e+01
-1.460428069694905773e+01
-1.460428070983600790e+01
-1.460428072267764499e+01
-1.460428073547413774e+01
-1.460428074822565137e+01
-1.460428076093234218e+01
-1.460428077359435939e+01
-1.460428078621186998e+01
-1.460428079878500718e+01
-1.460428081131394151e+01
-1.460428082379883818e+01
-1.460428083623981266e+01
-1.460428084863706033e+01
-1.460428086099070555e+01
-1.460428087330090463e+01
-1.460428088556781745e+01
-1.460428089779157546e+01
-1.460428090997235095e+01
-1.460428092211028073e+01
-1.460428093420551932e+01
-1.460428094625819995e+01
-1.460428095826847539e+01
-1.460428097023651617e+01
-1.460428098216243598e+01
-1.460428099404639823e+01
-1.460428100588853795e+01
-1.460428101768900078e+01
-1.460428102944794659e+01
-1.460428104116549264e+01
-1.460428105284180234e+01
-1.460428106447701957e+01
-1.460428107607125625e+01
-1.460428108762469535e+01
-1.460428109913744521e+01
-1.460428111060967460e+01
-1.460428112204148832e+01
-1.460428113343304801e+01
-1.460428114478449224e+01
-1.460428115609594357e+01
-1.460428116736755477e+01
-1.460428117859946262e+01
-1.460428118979179679e+01
-1.460428120094470472e+01
-1.460428121205831431e+01
-1.460428122313275701e+01
-1.460428123416816604e+01
-1.460428124516467108e+01
-1.460428125612243910e+01
-1.460428126704155893e+01
-1.460428127792219222e+01
-1.460428128876445619e+01
-1.460428129956848231e+01
-1.460428131033440557e+01
-1.460428132106237342e+01
-1.460428133175249776e+01
-1.460428134240491893e+01
-1.460428135301973462e+01
-1.460428136359711004e+01
-1.460428137413716065e+01
-1.460428138464001613e+01
-1.460428139510581502e+01
-1.460428140553465326e+01
-1.460428141592668361e+01
-1.460428142628203219e+01
-1.460428143660082512e+01
-1.460428144688314944e+01
