# energy:-14.60437363574869
7.469660603699174346e-03
3.474208920086304525e-02
5.454485719432780599e-02
3.474208920086306607e-02
7.469660603699179550e-03
5.454485719432787538e-02
1.644062793927667243e-01
1.371338507956022801e-01
3.474208920086294811e-02
9.005865420497376206e-02
1.644062793927653365e-01
5.454485719432741742e-02
5.454485719432736884e-02
3.474208920086295505e-02
7.469660603699181285e-03
3.474208920086309382e-02
1.371338507956023633e-01
1.644062793927655308e-01
5.454485719432747987e-02
1.644062793927654198e-01
3.982967371872561668e-01
1.644062793927656141e-01
1.644062793927658639e-01
1.371338507956027519e-01
3.474208920086314933e-02
5.454485719432743823e-02
1.644062793927658916e-01
9.005865420497392859e-02
1.371338507956027242e-01
1.644062793927672239e-01
5.454485719432786844e-02
3.474208920086324648e-02
5.454485719432788232e-02
3.474208920086298974e-02
7.469660603699142254e-03
7.469660603699176081e-03
3.474208920086291341e-02
5.454485719432746599e-02
3.474208920086296892e-02
5.454485719432734109e-02
1.644062793927656141e-01
1.371338507956021413e-01
9.005865420497405349e-02
1.644062793927669464e-01
5.454485719432793089e-02
3.474208920086298974e-02
1.371338507956025576e-01
1.644062793927668908e-01
1.644062793927672794e-01
3.982967371872607742e-01
1.644062793927668631e-01
5.454485719432791008e-02
1.644062793927666133e-01
1.371338507956020580e-01
3.474208920086292035e-02
7.469660603699223786e-03
3.474208920086318403e-02
5.454485719432791702e-02
5.454485719432795865e-02
1.644062793927669186e-01
9.005865420497391471e-02
3.474208920086311464e-02
1.371338507956021968e-01
1.644062793927654476e-01
5.454485719432746599e-02
7.469660603699180418e-03
3.474208920086293423e-02
5.454485719432747987e-02
3.474208920086306607e-02
7.469660603699232460e-03
