# optimized wave function psi(x), order of x follows that in Fock_state_list.txt
7.470622397929085196e-03
3.433258375982062988e-02
5.515257795304150806e-02
3.433258375982061600e-02
7.470622397929085196e-03
5.515257795304151500e-02
1.640863634873361288e-01
1.374080570057554795e-01
3.433258375982062988e-02
8.996272644844426070e-02
1.640863634873360455e-01
5.515257795304149419e-02
5.515257795304150112e-02
3.433258375982060906e-02
7.470622397929085196e-03
3.433258375982061600e-02
1.374080570057554518e-01
1.640863634873361010e-01
5.515257795304149419e-02
1.640863634873361010e-01
3.986318296668874273e-01
1.640863634873361288e-01
1.640863634873361010e-01
1.374080570057554518e-01
3.433258375982062294e-02
5.515257795304150112e-02
1.640863634873361843e-01
8.996272644844431621e-02
1.374080570057555073e-01
1.640863634873361843e-01
5.515257795304150806e-02
3.433258375982060212e-02
5.515257795304150806e-02
3.433258375982060906e-02
7.470622397929085196e-03
7.470622397929085196e-03
3.433258375982060906e-02
5.515257795304150806e-02
3.433258375982060212e-02
5.515257795304150806e-02
1.640863634873361843e-01
1.374080570057555073e-01
8.996272644844431621e-02
1.640863634873361843e-01
5.515257795304150112e-02
3.433258375982062294e-02
1.374080570057554518e-01
1.640863634873361010e-01
1.640863634873361288e-01
3.986318296668874273e-01
1.640863634873361010e-01
5.515257795304149419e-02
1.640863634873361010e-01
1.374080570057554518e-01
3.433258375982061600e-02
7.470622397929085196e-03
3.433258375982060906e-02
5.515257795304150112e-02
5.515257795304149419e-02
1.640863634873360455e-01
8.996272644844426070e-02
3.433258375982062988e-02
1.374080570057554795e-01
1.640863634873361288e-01
5.515257795304151500e-02
7.470622397929085196e-03
3.433258375982061600e-02
5.515257795304150806e-02
3.433258375982062988e-02
7.470622397929085196e-03
