# energy:-14.604373635748695
7.469660603699185622e-03
3.474208920086307301e-02
5.454485719432777130e-02
3.474208920086303831e-02
7.469660603699169142e-03
5.454485719432793783e-02
1.644062793927669741e-01
1.371338507956023911e-01
3.474208920086297586e-02
9.005865420497403961e-02
1.644062793927657529e-01
5.454485719432740354e-02
5.454485719432747987e-02
3.474208920086298974e-02
7.469660603699175214e-03
3.474208920086323954e-02
1.371338507956024744e-01
1.644062793927658361e-01
5.454485719432743129e-02
1.644062793927660582e-01
3.982967371872569440e-01
1.644062793927656141e-01
1.644062793927656418e-01
1.371338507956022523e-01
3.474208920086301750e-02
5.454485719432754232e-02
1.644062793927658916e-01
9.005865420497390084e-02
1.371338507956022523e-01
1.644062793927667521e-01
5.454485719432777130e-02
3.474208920086310076e-02
5.454485719432793783e-02
3.474208920086315627e-02
7.469660603699187357e-03
7.469660603699138784e-03
3.474208920086305219e-02
5.454485719432736884e-02
3.474208920086294117e-02
5.454485719432745905e-02
1.644062793927655308e-01
1.371338507956021135e-01
9.005865420497377594e-02
1.644062793927664745e-01
5.454485719432772967e-02
3.474208920086304525e-02
1.371338507956022801e-01
1.644062793927668353e-01
1.644062793927667243e-01
3.982967371872606632e-01
1.644062793927667521e-01
5.454485719432781293e-02
1.644062793927671129e-01
1.371338507956025299e-01
3.474208920086305219e-02
7.469660603699137917e-03
3.474208920086321178e-02
5.454485719432787538e-02
5.454485719432788232e-02
1.644062793927671406e-01
9.005865420497398410e-02
3.474208920086323954e-02
1.371338507956028074e-01
1.644062793927660859e-01
5.454485719432754232e-02
7.469660603699171744e-03
3.474208920086311464e-02
5.454485719432754925e-02
3.474208920086305219e-02
7.469660603699138784e-03
